10
1    6    0    5    3    9    0    0    2    0    3    4
2    6    0    0    0    5    9    0    0   10    0    0
9    3    0    0   10    6    2    7    0    9    7    7
0    0    6    0    0    1    4    9    0    8    0    0
0    9    5    0    0    6    4    0    0    3    0    0
10    7    0    2    0    0    0    7    0    0    0    0
4    0    9    3    5    6    0    1    3    0    3    0
4    1    3    2    9    0   10   10    0    5    0    2
4    1    9    0    0    0    0    9    0    0    0    4
0    0    0    0    4    9    2    4    4    0    1    7
0    0    9    0    0    2    8    0    0    0    0    0
0    6    0    4   10    5    6    5    0    0    3    0